1.758800 5.087000
2.080300 5.722100
-1.419600 7.475200
-2.327700 11.385000
-0.343060 2.530900
-2.418300 7.463400
1.900600 5.950700
-0.952460 7.755600
-0.894110 10.034000
-0.127730 6.326100
0.549440 6.728400
-1.374800 3.879300
-1.226800 5.431200
3.826200 7.316700
0.267410 6.572600
-1.581300 7.272400
2.221100 6.680300
1.844200 4.263100
-2.119300 7.160900
1.798600 8.719700
0.725410 8.931800
0.149650 4.178000
1.513300 5.971800
-0.205410 4.905800
0.325000 11.332000
-0.827740 7.611400
1.838900 7.127400
2.301800 5.570000
-3.353400 4.068100
-1.319900 4.799500
2.981800 6.434400
0.935470 5.534700
0.518460 6.309400
-0.912310 8.216200
1.944200 1.704600
2.189700 5.064100
-1.360100 9.869600
-1.881200 5.119400
-0.526360 5.293700
1.299000 6.090500
-0.066056 5.829800
0.223660 6.686800
2.013800 3.955600
-0.660130 5.903300
-0.092248 4.813100
1.031700 5.424000
1.574900 6.082200
0.455620 7.915600
1.096700 6.384200
1.022700 8.767300
0.994670 8.652300
-0.879900 9.554600
-1.069700 7.900900
-0.842780 7.364200
-0.370900 6.850000
2.195400 6.428300
-1.510100 7.658100
-0.544950 5.855500
-1.954400 4.975300
1.521900 7.538200
-1.079900 7.397200
2.203200 5.624200
-0.389890 7.590400
-0.588550 9.969300
1.120200 9.388000
1.788400 4.740200
0.617350 6.593600
1.544200 7.997300
0.736290 7.246000
-1.228700 8.232500
-2.047800 7.925600
-1.266300 8.580200
1.295000 4.144000
-1.251500 9.705200
-0.559160 4.724700
-0.952770 9.000900
0.828210 6.752200
-1.835100 9.371300
0.670320 6.511800
2.832600 8.093400
-0.690760 4.669400
-1.349200 10.774000
-1.545000 10.509000
0.591850 3.719100
-1.439100 5.732600
-1.546100 7.357300
-0.338740 7.615500
-0.018661 8.038000
-1.638300 6.131700
-1.571300 7.099700
-1.483200 5.630000
-1.037900 6.282600
-0.776930 9.642600
-2.959000 5.640800
-0.658420 6.923800
-0.614960 6.690400
-0.785190 6.600100
-0.834230 6.478800
-1.829300 7.667400
1.866400 6.574400
-1.018500 10.362000
-0.827830 6.005000
-0.319260 5.583400
-1.170600 4.296700
2.069800 4.696000
0.094081 4.510900
0.865610 8.112200
-0.288680 6.145900
-0.425040 6.811700
-1.743400 3.487100
-0.824680 8.078200
0.637580 5.967700
2.091800 7.306900
0.571420 3.080600
0.135600 8.830200
-1.297200 7.603800
1.338700 8.556800
-0.354260 8.731600
-2.229200 8.425200
-1.198800 5.326100
-1.244800 6.250700
3.424500 6.655100
-0.243490 6.645800
0.440780 7.928300
-2.639100 8.097300
-2.358700 6.724400
-0.298210 7.742500
0.206400 5.639900
-0.062709 7.169200
-0.751120 5.379600
-4.196600 7.311200
-1.385100 7.307900
-1.243300 6.741500
-3.483800 5.901900
0.731570 8.371900
3.489100 6.083700
0.369530 8.112300
2.004600 8.237700
1.472000 7.810700
0.448990 4.319600
-1.814500 7.186600
1.509100 5.612500
0.019187 7.170400
-1.073600 5.832800
1.283900 8.351900
0.384480 8.490400
0.186220 5.285500
-2.138200 9.394500
0.403650 3.605900
0.411340 8.154000
-1.016900 7.045400
-0.398750 9.604100
-0.387740 7.635200
-2.391200 6.907800
1.159200 6.195700
0.802950 7.462500
-0.501370 7.053700
-1.014200 7.022300
1.049700 7.278200
-0.324230 6.563000
0.639050 7.434300
-1.772700 10.773000
-1.045600 7.767900
0.984480 7.256400
-1.309300 7.761300
2.438200 9.359400
0.664750 7.502300
-0.291530 7.395400
-0.405110 6.377300
1.842300 9.855700
-0.671140 5.297900
-1.515000 4.820200
1.562200 6.945000
-0.600080 9.133000
-1.281300 5.888200
-0.013354 8.817200
0.934980 7.480500
0.347150 7.525000
-3.298200 8.421300
-0.103650 2.908500
0.558300 8.876700
-0.643580 5.619500
-0.738450 5.143700
-0.610590 5.905100
1.548900 9.362300
1.888400 7.525800
1.739000 7.759900
-0.841530 9.108800
0.479030 6.231300
1.788000 6.262300
1.881000 8.766300
0.763870 5.405900
-3.255500 6.373400
0.440990 5.420000
-1.905100 7.407800
2.779400 8.957400
0.266920 5.123300
1.598700 8.320600
-1.159300 4.143000
-1.181800 5.884900
9.090900 1.185600
2.658100 -1.100200
6.308300 0.325790
7.785100 -0.303210
6.559400 0.120710
9.738700 -1.749100
8.005200 0.976300
8.555000 0.261740
6.182900 0.220240
5.105300 0.161420
10.121000 1.368200
6.866600 -1.549400
0.592340 -0.413860
6.204300 -1.263700
4.469800 -1.477400
5.311000 1.497500
9.396100 -1.703800
7.139400 0.656080
6.173600 1.192500
8.864500 -0.336780
9.623500 0.581860
11.244000 -1.526500
6.504900 0.853390
7.220400 0.101260
6.749400 0.390950
4.432600 2.100900
7.864400 1.673200
8.175600 -0.284110
4.674800 0.359160
10.267000 -0.806370
8.698000 -0.001816
8.067200 1.352300
5.989000 -0.888040
6.615500 -0.878360
9.726300 0.536300
9.419200 -0.220890
8.999900 0.635700
8.056800 -0.412910
8.609100 0.046145
2.503900 -0.922560
6.618900 -1.084100
4.566500 -1.166100
9.061300 1.002100
4.378600 0.261580
5.647900 -0.392150
4.420400 1.478800
5.551000 0.817460
8.291500 1.153700
7.181600 1.071200
8.925200 0.404740
6.321400 0.822870
11.305000 -0.086313
10.046000 0.640030
5.409200 0.063719
5.533900 -1.125500
4.855600 0.149450
6.040100 1.088900
7.099800 0.400330
6.500500 -0.059537
6.589500 0.130670
5.111200 1.096000
9.802600 0.057061
6.829000 1.374800
6.874200 1.056400
7.499100 -0.295660
9.167300 -0.429580
4.641600 -0.233550
8.812200 2.176500
8.251000 -0.412580
10.773000 0.346880
9.778800 0.185000
6.896900 -1.610900
5.656600 -1.568300
7.250700 0.380220
8.255900 -1.818100
8.964200 0.377240
7.683000 -0.580160
5.486300 -0.768170
7.469200 1.064500
3.960800 -0.464620
5.224700 -0.754280
1.420300 0.084549
4.687900 1.608500
7.502300 -0.626710
7.587800 0.704890
7.220500 -0.320970
8.794100 0.899520
6.971400 0.494530
7.202500 1.220700
7.259300 -1.438800
7.303000 0.887330
6.389200 -0.941170
11.738000 1.122900
7.298600 2.365700
2.897200 0.094884
4.538200 -1.083800
7.767300 -1.345700
6.087400 -0.469600
9.173400 0.026765
6.767400 0.600240
5.739200 -0.686080
5.626500 -0.388150
11.708000 -0.621190
8.360000 -0.170860
7.578500 -1.033800
8.358500 2.380700
9.296200 1.918900
7.882900 1.032300
7.989100 0.511700
9.463000 -0.761710
5.057200 1.098600
8.179500 -1.060700
7.070300 -0.681160
6.123300 0.490090
8.459700 0.234180
1.576100 0.128030
6.913500 -0.209890
8.406300 1.176500
3.779300 0.109610
8.085600 0.439270
4.209100 -0.366760
10.438000 1.151800
8.384300 0.000428
6.958600 0.104770
5.258700 1.083400
6.447900 0.060696
6.814100 1.517000
5.869000 -0.392830
6.264800 -1.344800
4.674300 1.144700
3.901900 0.025450
12.348000 0.783910
3.462800 -0.212550
8.583100 1.117100
10.615000 -0.747820
7.869800 0.582820
11.412000 1.493300
5.792800 -1.504100
8.202700 -0.874670
3.927400 0.856670
6.869600 -1.074200
7.604900 -0.874750
10.347000 -1.022100
6.966000 -0.972010
5.678600 -3.281800
5.814900 1.058100
7.421900 0.449120
9.546600 0.533740
9.610500 1.345400
7.393600 1.011200
6.363500 0.422620
6.340800 -1.319000
5.135300 -1.107800
7.662700 -1.370400
6.009700 1.244200
3.782900 -0.107820
6.027700 -0.825500
9.068400 0.610820
7.764700 -0.639880
8.725500 -0.980140
5.867900 -1.547800
9.490800 -0.342230
8.428500 -0.288790
6.962200 -0.331690
7.616000 0.665310
5.557200 -0.820450
10.962000 -1.905100
8.422900 -0.387600
6.061600 -1.425800
7.236000 -0.938720
5.391500 2.364200
6.401700 1.294700
3.335900 -0.700710
5.150700 -0.733190
7.432400 -0.781140
4.750500 -0.475570
9.140500 -1.097300
5.245500 0.121870
7.927000 -0.051517
4.458700 -0.149540
6.527100 2.196500
9.295500 1.188900
7.326300 0.380590
6.061900 -0.216740
9.995500 0.082618
7.175700 -0.483780
6.412500 -1.122800
5.101200 -0.152180
9.116000 -0.667170
7.530600 1.101200
5.391100 0.064038
8.052700 1.170800
7.527900 -0.892340
4.676000 0.074697
6.700700 -0.007064
6.598900 -0.313180
7.052400 0.707580
7.104900 1.149000
7.034500 1.081700
5.526000 -1.102000
4.930500 0.305960
5.313000 1.079100
5.514300 -0.775430
6.489000 0.929370
8.454400 0.541260
5.965400 0.149560
8.668800 -0.494320
8.597100 -0.574890
7.847000 -2.063200
5.102700 0.928210
8.279700 0.881860
10.411000 0.049903
7.495200 -0.364160
3.638900 1.632200
7.903400 -3.996100
5.985500 -2.262200
7.023000 -0.677090
8.021800 0.869320
5.287600 -0.975230
9.749700 1.707100
8.732400 -0.027000
8.137100 0.252920
7.156100 0.204310
5.445200 0.056737
7.046900 -0.351550
4.500500 -0.893410
6.758600 -0.968120
8.778800 0.409930
8.125300 -1.300800
5.074500 1.089500
7.215800 -2.189300
8.001600 1.529600
10.286000 -0.290080
5.814700 1.640400
6.822400 -0.472010
3.457300 -0.410460
8.636000 0.462130
7.411400 0.782500
8.912200 1.244500
7.987600 -0.834240
5.865300 0.333550
2.948400 -1.350700
7.817300 -0.311110
4.320100 -0.017392
7.808700 0.975160
7.346800 1.463300
7.883700 3.823300
7.316500 -1.600200
9.222700 1.372700
4.459200 1.332700
8.173000 -0.259340
8.985200 -0.176660
6.453400 0.078139
5.177800 -0.438110
0.963290 0.222150
3.287600 1.206800
6.209200 -1.172100
8.548700 1.184700
7.509300 0.281330
8.494500 -1.371800
7.639100 1.113000
5.312700 -0.666360
6.130200 0.856660
6.703700 0.751950
9.644700 0.713610
7.238600 -1.337000
7.603400 -1.386700
5.689700 1.004500
3.153400 -0.831210
8.558100 1.040500
5.678300 -1.577100
5.812500 0.289130
6.749700 -1.345200
7.335500 -0.620300
7.309400 0.181960
7.391800 0.466250
7.358600 0.777890
5.392200 -0.839930
7.873000 -0.034645
8.290400 0.232480
7.118200 2.142200
5.286700 -0.223010
5.334300 0.454590
5.683100 -1.551900
8.823200 0.691000
7.971900 -1.546400
6.262400 -0.424170
7.298600 0.196820
5.560400 0.437200
5.994200 -0.806730
9.972000 -0.257270
9.979200 -0.860260
2.952200 -1.731400
9.443200 0.684050
6.837800 0.084883
8.918600 0.380260
5.925000 -0.369310
6.112200 -0.995340
7.894500 -0.001864
5.772800 0.170930
